Atraso;instancias/entradas_reais/v50_353.in;0;2709.3399999999992;2711.83;2764.0799999999986;2721.639999999999;2749.6299999999987;2700.939999999999;2705.399999999999;2763.5099999999993;2700.939999999999;2761.549999999999;2700.939999999999;2710.3899999999994;2712.39;2716.209999999999;2714.8799999999997;2717.219999999999;2737.2699999999995;2745.6599999999994;2726.119999999999;2730.9499999999994;2717.5399999999995;2708.9799999999996;2702.799999999999;2719.639999999999;2708.9799999999996;2698.3199999999997;2747.9699999999993;2707.0299999999993;2754.169999999999;2730.9299999999994
Intervalo;instancias/entradas_reais/v50_353.in;0;56.15114092826843;56.265763998031616;22.51123595237732;56.42455005645752;24.49261999130249;56.518791913986206;56.440979957580566;20.99185299873352;57.047959089279175;22.849338054656982;56.1062490940094;56.3282949924469;56.40850901603699;55.98020005226135;56.737175941467285;56.68647599220276;22.810556888580322;20.89468288421631;57.492725133895874;30.410908937454224;55.448620080947876;55.31267714500427;55.714155197143555;56.215567111968994;55.847646951675415;56.22985005378723;20.792118072509766;56.27103400230408;28.28033995628357;22.60123300552368
Custo_Orcamentario;instancias/entradas_reais/v50_353.in;0;593.42;591.6800000000001;609.9;596.3499999999999;605.58;602.7500000000001;601.01;601.78;602.75;584.17;602.75;608.76;587.99;603.2499999999999;605.3699999999999;588.3299999999999;602.8899999999999;594.41;587.35;572.48;604.7;577.4699999999999;608.99;599.8199999999999;577.47;609.4899999999999;609.93;579.26;605.58;576.02
Iteraca_Saida;instancias/entradas_reais/v50_353.in;0;;;12;;13;;;11;;12;;;;;;;12;11;;16;;;;;;;11;;15;12
Atraso;instancias/entradas_reais/v50_353.in;1;2520.2900000000004;2528.260000000001;2513.5000000000005;2508.870000000001;2512.8800000000006;2516.6400000000012;2535.760000000001;2519.730000000001;2525.000000000001;2531.3000000000006;2530.2800000000007;2514.4300000000003;2517.6100000000006;2534.7;2535.03;2528.25;2513.26;2516.160000000001;2525.36;2520.91;2536.8600000000006;2525.110000000001;2515.3900000000003;2524.710000000001;2518.490000000001;2522.05;2517.170000000001;2521.58;2529.2500000000005;2521.9300000000007
Intervalo;instancias/entradas_reais/v50_353.in;1;59.01447510719299;21.390803813934326;58.56240797042847;58.93324089050293;58.4345920085907;58.69574689865112;23.324398040771484;59.2720890045166;31.227771043777466;25.945197105407715;25.320558786392212;58.5108540058136;58.73244595527649;21.45895504951477;21.714711904525757;52.998329162597656;59.11612105369568;59.67785310745239;23.558043956756592;59.00291109085083;21.13210701942444;54.28246021270752;58.28504800796509;56.51901602745056;46.44907283782959;54.60918402671814;59.40224003791809;58.68861508369446;23.323593139648438;55.1099898815155
Custo_Orcamentario;instancias/entradas_reais/v50_353.in;1;2946.0199999999995;3043.3199999999997;3033.85;3051.4199999999996;3036.15;2929.82;3045.12;3013.5300000000007;3040.46;3027.8900000000003;3013.1699999999996;2986.5000000000005;3046.750000000001;3036.2199999999993;3047.89;3016.1799999999994;2885.45;2983.64;3040.74;2946.19;3002.7400000000002;3038.4400000000005;2770.32;2963.64;2971.3299999999995;2961.74;3041.63;2986.3999999999996;3036.6799999999994;3029.97
Iteraca_Saida;instancias/entradas_reais/v50_353.in;1;30;11;;;;;12;;16;13;13;;;11;11;27;30;;12;;11;28;;29;24;28;;;12;28
Atraso;instancias/entradas_reais/v50_353.in;2;2494.54;2496.7800000000007;2501.8900000000003;2502.7400000000002;2499.890000000001;2497.800000000001;2502.9500000000007;2498.2200000000007;2506.2299999999996;2492.8600000000006;2506.7100000000014;2499.110000000001;2499.13;2501.13;2494.6200000000003;2498.26;2500.8100000000004;2502.33;2502.4000000000005;2500.0400000000004;2501.32;2497.350000000001;2503.33;2500.500000000001;2501.070000000001;2503.5300000000007;2502.2800000000007;2497.5900000000006;2497.7400000000007;2492.98
Intervalo;instancias/entradas_reais/v50_353.in;2;50.222607135772705;38.303385972976685;36.14962387084961;26.39277195930481;25.956403970718384;36.198988914489746;29.978929042816162;24.733569860458374;44.28188514709473;30.906952142715454;36.214993953704834;46.279046058654785;39.931824922561646;39.81280207633972;24.509066104888916;50.44708204269409;40.26995015144348;32.6795699596405;26.13961410522461;36.17198300361633;41.88968300819397;33.703956842422485;38.00092005729675;48.09033703804016;43.875535011291504;21.75022006034851;48.83680009841919;44.34884190559387;24.059604167938232;24.32978916168213
Custo_Orcamentario;instancias/entradas_reais/v50_353.in;2;4206.52;4641.59;4812.95;4645.61;4231.96;4285.599999999999;4379.06;4064.95;4291.540000000001;4616.610000000001;4028.01;4421.479999999999;4525.370000000001;4486.9000000000015;4696.320000000001;4533.03;4470.49;4348.3499999999985;4010.1199999999994;4121.799999999998;4399.530000000002;3974.919999999999;4230.789999999999;4345.4;4856.780000000001;4624.9;4278.389999999999;4398.24;4698.500000000001;4591.200000000001
Iteraca_Saida;instancias/entradas_reais/v50_353.in;2;25;19;18;13;13;18;15;12;22;15;18;23;20;20;12;25;20;16;13;18;21;17;19;24;22;11;24;22;12;12
Atraso;instancias/entradas_reais/v100_2411.in;0;10235.6;10197.929999999997;10251.449999999997;10259.149999999998;10202.79;10264.560000000003;10199.01;10263.76;10249.369999999999;10190.289999999999;10234.159999999998;10188.500000000002;10182.730000000001;10206.619999999999;10269.26;10251.039999999999;10267.329999999996;10184.839999999998;10187.679999999998;10273.880000000001;10241.83;10247.039999999999;10197.769999999999;10166.16;10180.009999999998;10220.610000000002;10182.420000000002;10257.689999999997;10205.89;10248.42
Intervalo;instancias/entradas_reais/v100_2411.in;0;42.448878049850464;75.87028980255127;30.131706953048706;42.68331789970398;76.41459798812866;33.32951998710632;76.90729403495789;33.23060917854309;37.70890188217163;78.27042579650879;37.509071826934814;75.93059492111206;75.64059495925903;76.40534400939941;27.483654975891113;45.26427388191223;27.716938018798828;76.76618504524231;77.1751880645752;28.185083866119385;49.979835987091064;32.32422709465027;76.44393515586853;76.43558692932129;75.7916190624237;75.08293294906616;76.15483713150024;38.107666015625;76.92511892318726;27.934559106826782
Custo_Orcamentario;instancias/entradas_reais/v100_2411.in;0;2247.06;2238.1;2236.87;2228.61;2122.54;2160.0;2215.43;2229.74;2260.14;2161.3900000000003;2254.28;2256.13;2257.3299999999995;2252.1099999999997;2247.5;2202.74;2259.2400000000002;2253.4700000000003;2087.1299999999997;2195.71;2215.69;2237.2699999999995;2198.1500000000005;2230.68;2196.04;2181.0699999999997;2256.1899999999996;2248.1299999999997;2259.06;2248.38
Iteraca_Saida;instancias/entradas_reais/v100_2411.in;0;17;;12;17;;13;;13;15;;15;;;;11;18;11;;;11;20;13;;;;;;15;;11
Atraso;instancias/entradas_reais/v100_2411.in;1;9985.81;9992.109999999999;9978.7;9986.790000000003;9977.829999999998;9991.81;9977.320000000002;9993.429999999998;9986.44;9988.439999999993;9991.91;9993.15;9996.620000000003;9985.64;9982.939999999999;9988.150000000003;9988.519999999997;9978.839999999998;9985.149999999998;9991.420000000004;9992.939999999997;9998.050000000005;9991.289999999999;9988.58;9993.210000000003;9990.23;9988.63;9997.53;9986.6;9986.609999999999
Intervalo;instancias/entradas_reais/v100_2411.in;1;67.6276650428772;38.80003309249878;89.79522204399109;76.64067697525024;89.81484699249268;89.4621160030365;88.9535539150238;87.0871970653534;38.048182010650635;90.93024110794067;45.989192962646484;58.78685903549194;38.19095206260681;88.40084505081177;83.91774010658264;64.22102689743042;48.39421606063843;89.29708099365234;88.53498315811157;31.951738119125366;67.50868105888367;38.23006296157837;50.446266889572144;50.26617789268494;43.73733901977539;81.64478898048401;38.57498121261597;49.65793490409851;74.33902406692505;36.35653209686279
Custo_Orcamentario;instancias/entradas_reais/v100_2411.in;1;11281.13;11227.009999999998;11129.26;11178.659999999998;11210.620000000006;11275.340000000002;11131.669999999998;11231.910000000002;11299.49;11055.529999999999;11231.299999999997;11252.460000000001;11217.950000000003;11297.199999999997;11229.699999999999;11245.060000000001;11262.329999999996;11212.860000000002;11303.279999999997;11282.62;11301.429999999995;11302.309999999998;11223.470000000001;11255.289999999997;11278.839999999998;11265.789999999997;11295.279999999997;11269.120000000003;11256.140000000003;11231.050000000003
Iteraca_Saida;instancias/entradas_reais/v100_2411.in;1;23;13;30;26;;;;29;13;;16;20;13;;28;22;16;;;11;23;13;17;17;15;28;13;17;25;12
Atraso;instancias/entradas_reais/v100_2411.in;2;9962.520000000002;9957.559999999996;9965.270000000002;9967.270000000002;9962.160000000005;9949.680000000004;9960.69;9957.01;9957.109999999999;9964.83;9965.35;9964.630000000005;9961.440000000002;9955.989999999998;9963.099999999999;9967.850000000002;9962.710000000005;9958.340000000004;9960.130000000005;9965.969999999998;9962.530000000002;9958.400000000003;9960.020000000004;9955.89;9961.83;9960.410000000003;9957.83;9958.350000000006;9963.700000000006;9965.87
Intervalo;instancias/entradas_reais/v100_2411.in;2;45.830219984054565;58.3012809753418;80.62745785713196;79.75812315940857;68.63160610198975;62.41362118721008;51.455612897872925;61.783124923706055;63.803030014038086;40.746368169784546;48.28640794754028;46.01289701461792;66.32981896400452;88.6480929851532;40.12363791465759;63.55917000770569;59.68817687034607;56.73422908782959;42.942174196243286;79.15038108825684;66.80926990509033;40.37744998931885;70.91459512710571;67.75049018859863;42.63934016227722;36.83702492713928;37.06854200363159;42.64725303649902;49.35421299934387;40.74335694313049
Custo_Orcamentario;instancias/entradas_reais/v100_2411.in;2;16329.720000000003;16190.749999999998;13966.09;14406.639999999998;15822.879999999994;16751.34;14296.899999999998;16115.14;15005.07;15243.059999999998;15055.339999999998;14324.67;15422.710000000001;14970.969999999998;15358.62;14825.869999999997;14236.11;15313.28;15082.270000000002;15456.049999999997;16400.789999999997;14931.859999999997;15795.759999999998;15277.469999999996;15579.659999999996;15975.229999999998;15834.150000000001;14478.85;14718.94;15509.010000000002
Iteraca_Saida;instancias/entradas_reais/v100_2411.in;2;15;19;26;26;22;20;17;20;21;13;16;15;22;29;13;21;19;18;14;26;22;13;23;22;14;12;12;14;16;13
Atraso;instancias/entradas_reais/F100440;0;434.0;468.0;433.0;447.0;399.0;468.0;420.0;464.0;459.0;420.0;425.0;427.0;464.0;412.0;402.0;482.0;442.0;416.0;454.0;422.0;452.0;443.0;426.0;430.0;426.0;431.0;432.0;435.0;433.0;425.0
Intervalo;instancias/entradas_reais/F100440;0;22.625316858291626;9.07956600189209;22.73803400993347;22.826346158981323;22.842462062835693;8.505410194396973;22.79235601425171;9.787015914916992;11.182878971099854;23.01279902458191;22.58691906929016;23.10045099258423;10.702481985092163;22.91784906387329;23.245237827301025;8.20333218574524;23.020672082901;23.081151008605957;10.769438028335571;22.87989902496338;8.987797975540161;22.257200002670288;22.51096820831299;22.88102912902832;22.25679612159729;21.91164493560791;22.54267692565918;22.40672206878662;22.114675998687744;22.385005950927734
Custo_Orcamentario;instancias/entradas_reais/F100440;0;1745.0;1773.0;1778.0;1780.0;1779.0;1708.0;1780.0;1779.0;1766.0;1778.0;1699.0;1776.0;1746.0;1773.0;1757.0;1769.0;1744.0;1746.0;1764.0;1779.0;1780.0;1779.0;1724.0;1776.0;1778.0;1749.0;1772.0;1775.0;1777.0;1755.0
Iteraca_Saida;instancias/entradas_reais/F100440;0;30;12;;;;11;;13;15;;;;14;;;11;;;14;;12;;;;;;;;29;
Atraso;instancias/entradas_reais/F100440;1;195.0;192.0;193.0;203.0;196.0;200.0;201.0;194.0;195.0;207.0;193.0;210.0;196.0;195.0;200.0;187.0;207.0;205.0;192.0;204.0;193.0;200.0;201.0;197.0;206.0;189.0;195.0;202.0;195.0;200.0
Intervalo;instancias/entradas_reais/F100440;1;21.751248121261597;20.618042945861816;19.90627908706665;13.421510934829712;23.105967044830322;13.008753061294556;10.963207960128784;16.864777088165283;22.554219007492065;17.794487953186035;22.798030853271484;15.29324197769165;9.019675016403198;22.755913972854614;19.45729899406433;20.857011079788208;8.575870037078857;10.02200722694397;20.75578999519348;8.844420909881592;17.98909616470337;10.006180047988892;15.255182981491089;22.82533597946167;8.894445896148682;11.730604887008667;19.794402837753296;16.96916699409485;20.84105110168457;15.152848958969116
Custo_Orcamentario;instancias/entradas_reais/F100440;1;8733.0;8827.0;8886.0;8773.0;8709.0;8876.0;8896.0;8861.0;8716.0;8797.0;8703.0;8886.0;8810.0;8761.0;8777.0;8615.0;8890.0;8877.0;8894.0;8863.0;8808.0;8835.0;8826.0;8887.0;8811.0;8873.0;8788.0;8901.0;8824.0;8866.0
Iteraca_Saida;instancias/entradas_reais/F100440;1;29;27;26;18;;17;15;22;;23;;20;12;;25;28;11;13;28;12;24;13;20;;12;16;26;23;28;20
Atraso;instancias/entradas_reais/F100440;2;161.0;164.0;157.0;162.0;161.0;160.0;157.0;159.0;159.0;168.0;170.0;168.0;153.0;159.0;160.0;153.0;164.0;160.0;172.0;158.0;166.0;156.0;161.0;160.0;159.0;165.0;163.0;159.0;159.0;166.0
Intervalo;instancias/entradas_reais/F100440;2;9.24650502204895;14.748203992843628;10.11678695678711;9.633665084838867;13.2809579372406;9.969919919967651;13.318137884140015;15.062808990478516;9.80542516708374;9.896625995635986;8.89440107345581;14.568147897720337;8.28083610534668;13.59757113456726;13.259706020355225;14.82055401802063;14.140126943588257;9.311732053756714;14.338312864303589;8.762113809585571;15.190294981002808;9.812809944152832;12.979972839355469;10.01894497871399;8.79557991027832;8.236114025115967;13.889303922653198;13.358588933944702;9.115240097045898;12.845148801803589
Custo_Orcamentario;instancias/entradas_reais/F100440;2;12505.0;11824.0;12443.0;11541.0;12816.0;12303.0;12171.0;11400.0;12385.0;12660.0;12087.0;11437.0;12174.0;12225.0;11870.0;11473.0;12165.0;11729.0;11259.0;12942.0;12275.0;12106.0;12012.0;12331.0;12088.0;12264.0;11965.0;12211.0;12279.0;11815.0
Iteraca_Saida;instancias/entradas_reais/F100440;2;12;19;13;13;17;13;18;20;13;13;12;19;11;18;17;20;18;12;19;12;20;13;17;13;12;11;18;18;12;17
Atraso;instancias/entradas_reais/F50150;0;244.0;252.0;248.0;241.0;251.0;241.0;232.0;232.0;241.0;247.0;232.0;247.0;247.0;254.0;247.0;249.0;247.0;254.0;264.0;259.0;241.0;241.0;242.0;255.0;242.0;249.0;257.0;253.0;242.0;245.0
Intervalo;instancias/entradas_reais/F50150;0;39.981821060180664;39.30299782752991;39.581581115722656;39.490864992141724;39.16565203666687;39.184892892837524;39.171741008758545;39.53817391395569;39.19464898109436;39.66435098648071;39.423465967178345;39.229352951049805;39.27334690093994;39.37977480888367;39.51405906677246;39.27726101875305;39.49706697463989;32.98631811141968;39.44568109512329;39.200525999069214;39.17800807952881;38.983880043029785;38.63886213302612;39.01956605911255;38.68693208694458;38.59817099571228;38.92948079109192;38.872172117233276;38.86539101600647;38.67009496688843
Custo_Orcamentario;instancias/entradas_reais/F50150;0;80.0;80.0;81.0;80.0;81.0;78.0;80.0;80.0;80.0;80.0;80.0;81.0;81.0;77.0;81.0;80.0;81.0;76.0;81.0;80.0;81.0;80.0;79.0;78.0;81.0;80.0;79.0;81.0;79.0;81.0
Iteraca_Saida;instancias/entradas_reais/F50150;0;;;;;;;;;;;;;;;;;;25;;;;;;;;;;;;
Atraso;instancias/entradas_reais/F50150;1;130.0;116.0;122.0;119.0;120.0;143.0;129.0;125.0;114.0;116.0;126.0;120.0;123.0;132.0;121.0;114.0;120.0;129.0;127.0;123.0;122.0;125.0;114.0;120.0;131.0;127.0;126.0;129.0;123.0;121.0
Intervalo;instancias/entradas_reais/F50150;1;37.95740103721619;37.803852796554565;37.60693287849426;34.07060194015503;32.27511215209961;13.813846111297607;25.805413007736206;25.033758878707886;37.4745831489563;38.10204291343689;37.56909394264221;37.94072604179382;28.672908067703247;33.5967800617218;37.78761386871338;33.501729011535645;37.65575289726257;38.09939694404602;28.39110803604126;37.51402306556702;37.63276696205139;28.43974494934082;37.16553783416748;37.44237208366394;31.952186107635498;30.745707035064697;37.8378210067749;13.274594068527222;35.810970067977905;33.750638008117676
Custo_Orcamentario;instancias/entradas_reais/F50150;1;400.0;398.0;397.0;396.0;392.0;405.0;389.0;405.0;403.0;370.0;378.0;393.0;402.0;401.0;387.0;399.0;365.0;399.0;405.0;376.0;405.0;402.0;397.0;382.0;389.0;390.0;385.0;399.0;372.0;387.0
Iteraca_Saida;instancias/entradas_reais/F50150;1;30;;;27;26;11;21;20;;;30;;23;27;;27;;;23;;;23;;;26;25;;11;29;27
Atraso;instancias/entradas_reais/F50150;2;107.0;115.0;110.0;102.0;112.0;107.0;104.0;105.0;110.0;107.0;108.0;105.0;112.0;106.0;108.0;109.0;111.0;95.0;108.0;112.0;111.0;110.0;112.0;105.0;103.0;116.0;110.0;107.0;111.0;105.0
Intervalo;instancias/entradas_reais/F50150;2;13.704455137252808;21.23791003227234;17.72830820083618;18.556416988372803;19.667640924453735;17.78322196006775;21.91110396385193;15.127365112304688;24.621516942977905;18.82674217224121;20.105916023254395;21.05259609222412;15.808259963989258;22.379421949386597;25.11816906929016;31.1316978931427;16.882900953292847;15.30477499961853;23.199342966079712;17.18032717704773;13.529279947280884;17.10248899459839;34.556349992752075;23.208677053451538;21.179911136627197;14.468812942504883;28.78075909614563;25.876507997512817;24.57552409172058;19.416566848754883
Custo_Orcamentario;instancias/entradas_reais/F50150;2;530.0;459.0;544.0;610.0;558.0;555.0;570.0;559.0;569.0;618.0;605.0;617.0;660.0;534.0;612.0;526.0;585.0;678.0;621.0;611.0;582.0;645.0;516.0;573.0;647.0;578.0;616.0;640.0;632.0;631.0
Iteraca_Saida;instancias/entradas_reais/F50150;2;11;17;14;15;16;14;18;12;20;15;16;17;13;18;20;25;14;12;19;14;11;14;28;19;17;12;23;21;20;16
Atraso;instancias/entradas_reais/F1044;0;30.0;30.0;30.0;30.0;30.0;30.0;30.0;30.0;30.0;30.0;30.0;30.0;30.0;30.0;30.0;30.0;30.0;30.0;30.0;30.0;30.0;30.0;30.0;30.0;30.0;30.0;30.0;30.0;30.0;30.0
Intervalo;instancias/entradas_reais/F1044;0;1.4017131328582764;1.399925947189331;1.4247839450836182;1.7643699645996094;1.4138100147247314;1.3973469734191895;1.397965908050537;1.4295878410339355;1.7510650157928467;1.4107310771942139;1.398603916168213;1.4213409423828125;1.3951668739318848;1.4243390560150146;1.7813849449157715;1.3984088897705078;1.4196498394012451;1.4038259983062744;1.3940160274505615;1.3832509517669678;1.3841421604156494;1.4007089138031006;1.4133100509643555;1.4020609855651855;1.7292959690093994;1.382045030593872;1.4006359577178955;1.3879320621490479;1.3916349411010742;1.3993899822235107
Custo_Orcamentario;instancias/entradas_reais/F1044;0;10.0;10.0;10.0;10.0;10.0;10.0;10.0;10.0;10.0;10.0;10.0;10.0;10.0;10.0;10.0;10.0;10.0;10.0;10.0;10.0;10.0;10.0;10.0;10.0;10.0;10.0;10.0;10.0;10.0;10.0
Iteraca_Saida;instancias/entradas_reais/F1044;0;;;;;;;;;;;;;;;;;;;;;;;;;;;;;;
Atraso;instancias/entradas_reais/F1044;1;9.0;10.0;9.0;10.0;9.0;10.0;10.0;10.0;10.0;9.0;12.0;10.0;9.0;11.0;10.0;9.0;9.0;10.0;9.0;10.0;10.0;10.0;9.0;10.0;10.0;9.0;10.0;10.0;9.0;9.0
Intervalo;instancias/entradas_reais/F1044;1;1.3430819511413574;1.3641419410705566;1.3570480346679688;1.341817855834961;1.2363181114196777;1.3562510013580322;1.34089994430542;0.5634992122650146;1.3417739868164062;0.4941701889038086;1.1692988872528076;1.3515470027923584;1.3307759761810303;1.3424439430236816;1.3682138919830322;1.341752052307129;0.5895648002624512;1.7230808734893799;1.3285629749298096;1.337033987045288;1.7034399509429932;1.3515548706054688;1.1183929443359375;1.3570921421051025;1.3206510543823242;1.325251817703247;1.3460280895233154;1.3320300579071045;1.337852954864502;1.3468701839447021
Custo_Orcamentario;instancias/entradas_reais/F1044;1;77.0;86.0;77.0;76.0;77.0;66.0;80.0;80.0;80.0;77.0;83.0;80.0;77.0;77.0;80.0;77.0;77.0;66.0;77.0;80.0;77.0;86.0;77.0;80.0;86.0;77.0;66.0;77.0;77.0;77.0
Iteraca_Saida;instancias/entradas_reais/F1044;1;;;;;19;;;13;;11;18;;;;;;13;;;;;;25;;;;;;;
Atraso;instancias/entradas_reais/F1044;2;9.0;9.0;9.0;9.0;9.0;9.0;9.0;9.0;10.0;9.0;9.0;9.0;10.0;9.0;9.0;9.0;9.0;9.0;9.0;9.0;9.0;9.0;9.0;9.0;9.0;9.0;9.0;9.0;9.0;9.0
Intervalo;instancias/entradas_reais/F1044;2;1.3305740356445312;1.3248319625854492;0.7174410820007324;0.6032190322875977;0.6230778694152832;1.3426971435546875;1.318505048751831;0.6938111782073975;1.3133039474487305;1.3354690074920654;0.8419721126556396;1.3430800437927246;1.3325319290161133;1.0496621131896973;0.8547289371490479;1.3347890377044678;0.7665698528289795;0.5845019817352295;1.133268117904663;1.3112988471984863;1.3310399055480957;0.5373718738555908;0.93007493019104;1.734985113143921;0.5198750495910645;1.3189220428466797;0.5785951614379883;1.3089148998260498;1.3206169605255127;1.33231782913208
Custo_Orcamentario;instancias/entradas_reais/F1044;2;91.0;77.0;149.0;147.0;107.0;100.0;91.0;144.0;103.0;117.0;91.0;114.0;103.0;145.0;117.0;114.0;148.0;148.0;100.0;77.0;114.0;107.0;130.0;114.0;92.0;144.0;91.0;77.0;91.0;114.0
Iteraca_Saida;instancias/entradas_reais/F1044;2;;;16;14;14;;;16;;;19;;;15;19;;17;13;26;;;12;21;;12;;13;;;
Atraso;instancias/entradas_reais/H1045.in;0;34.0;34.0;34.0;34.0;34.0;34.0;34.0;34.0;34.0;34.0;34.0;34.0;34.0;34.0;34.0;34.0;34.0;34.0;34.0;34.0;34.0;34.0;34.0;34.0;34.0;34.0;34.0;34.0;34.0;34.0
Intervalo;instancias/entradas_reais/H1045.in;0;1.4217278957366943;1.428436040878296;1.447615146636963;1.4159860610961914;1.4444220066070557;1.4063410758972168;1.8582348823547363;1.4427869319915771;1.4233200550079346;1.4286551475524902;1.4274299144744873;1.865494966506958;1.430495023727417;1.4390251636505127;1.4407429695129395;1.4099371433258057;1.4473040103912354;1.8744020462036133;1.4254169464111328;1.4197728633880615;1.4255781173706055;1.8387119770050049;1.436535120010376;1.4527709484100342;1.4051179885864258;1.387544870376587;1.4191169738769531;1.4185149669647217;1.86912202835083;1.4190309047698975
Custo_Orcamentario;instancias/entradas_reais/H1045.in;0;48.0;48.0;48.0;48.0;48.0;48.0;48.0;48.0;48.0;48.0;48.0;48.0;48.0;48.0;48.0;48.0;48.0;48.0;48.0;48.0;48.0;48.0;48.0;48.0;48.0;48.0;48.0;48.0;48.0;48.0
Iteraca_Saida;instancias/entradas_reais/H1045.in;0;;;;;;;;;;;;;;;;;;;;;;;;;;;;;;
Atraso;instancias/entradas_reais/H1045.in;1;21.0;21.0;21.0;21.0;21.0;21.0;21.0;21.0;21.0;21.0;21.0;21.0;21.0;21.0;21.0;21.0;21.0;21.0;21.0;21.0;21.0;21.0;21.0;21.0;21.0;21.0;21.0;21.0;21.0;21.0
Intervalo;instancias/entradas_reais/H1045.in;1;1.3424599170684814;1.3503198623657227;1.3719160556793213;1.3385989665985107;1.3760149478912354;1.3702969551086426;1.3409149646759033;1.3645579814910889;0.8391997814178467;1.358670949935913;1.3556787967681885;1.3544020652770996;0.970883846282959;1.3503789901733398;1.840195894241333;1.3384289741516113;1.372722864151001;1.345458984375;1.3298299312591553;0.9275200366973877;1.3455228805541992;1.343818187713623;1.3517601490020752;1.3711199760437012;1.3307721614837646;1.7825160026550293;1.3463411331176758;1.3185570240020752;1.3426949977874756;1.3443241119384766
Custo_Orcamentario;instancias/entradas_reais/H1045.in;1;288.0;253.0;229.0;288.0;284.0;281.0;253.0;229.0;300.0;286.0;229.0;281.0;284.0;277.0;284.0;279.0;300.0;277.0;229.0;229.0;251.0;288.0;297.0;253.0;288.0;288.0;253.0;277.0;255.0;298.0
Iteraca_Saida;instancias/entradas_reais/H1045.in;1;;;;;;;;;19;;;;22;;;;;;;21;;;;;;;;;;
Atraso;instancias/entradas_reais/H1045.in;2;15.0;15.0;15.0;12.0;12.0;15.0;15.0;15.0;15.0;15.0;12.0;15.0;15.0;12.0;15.0;15.0;15.0;12.0;15.0;15.0;15.0;15.0;12.0;15.0;15.0;12.0;12.0;15.0;15.0;15.0
Intervalo;instancias/entradas_reais/H1045.in;2;0.9653050899505615;0.7185537815093994;0.7188429832458496;0.5232279300689697;1.1240768432617188;1.0221660137176514;1.3232519626617432;1.300858974456787;0.8349299430847168;1.3493199348449707;1.1130750179290771;0.8931219577789307;1.2548000812530518;0.5260050296783447;1.3603739738464355;1.3318748474121094;0.678961992263794;1.1555078029632568;0.7505879402160645;0.9301841259002686;0.4843780994415283;0.8886411190032959;0.7609121799468994;0.629173994064331;1.7899930477142334;0.6120419502258301;0.4882500171661377;0.8709149360656738;1.0284240245819092;0.6287250518798828
Custo_Orcamentario;instancias/entradas_reais/H1045.in;2;535.0;510.0;505.0;520.0;509.0;538.0;517.0;487.0;498.0;494.0;509.0;410.0;425.0;520.0;543.0;543.0;436.0;509.0;436.0;473.0;410.0;535.0;520.0;505.0;469.0;509.0;505.0;425.0;484.0;543.0
Iteraca_Saida;instancias/entradas_reais/H1045.in;2;11;16;16;12;25;23;;29;19;30;25;20;18;12;;;15;26;17;21;11;20;17;14;;14;11;20;23;14
Atraso;instancias/entradas_reais/H501225.in;0;172.0;172.0;172.0;172.0;172.0;172.0;172.0;175.0;173.0;172.0;172.0;172.0;172.0;172.0;172.0;172.0;172.0;172.0;172.0;172.0;172.0;173.0;175.0;172.0;172.0;172.0;172.0;172.0;172.0;172.0
Intervalo;instancias/entradas_reais/H501225.in;0;173.6540241241455;173.48494505882263;172.42203187942505;173.19150114059448;173.53992700576782;171.92293500900269;173.42129802703857;172.62720584869385;173.58989691734314;172.89954090118408;173.49894213676453;173.03545117378235;172.9706461429596;172.89830803871155;173.3056399822235;173.12315201759338;173.33157014846802;173.61722111701965;173.6083278656006;172.88492012023926;172.5716950893402;171.96815586090088;171.5235321521759;172.48187804222107;172.3425750732422;172.62907695770264;172.43782782554626;172.26796507835388;172.69850897789001;172.05875396728516
Custo_Orcamentario;instancias/entradas_reais/H501225.in;0;595.0;596.0;574.0;600.0;593.0;585.0;593.0;573.0;601.0;600.0;589.0;582.0;594.0;598.0;595.0;586.0;597.0;600.0;592.0;601.0;575.0;601.0;560.0;587.0;591.0;577.0;588.0;589.0;595.0;590.0
Iteraca_Saida;instancias/entradas_reais/H501225.in;0;;;;;;;;;;;;;;;;;;;;;;;;;;;;;;
Atraso;instancias/entradas_reais/H501225.in;1;115.0;109.0;115.0;112.0;112.0;109.0;112.0;112.0;112.0;112.0;115.0;109.0;112.0;112.0;109.0;112.0;109.0;109.0;112.0;109.0;112.0;109.0;109.0;112.0;109.0;109.0;109.0;112.0;109.0;112.0
Intervalo;instancias/entradas_reais/H501225.in;1;189.64472103118896;164.22483086585999;188.44130396842957;189.61971712112427;169.41733193397522;168.87019991874695;168.55778098106384;120.3551709651947;188.99578380584717;151.75597190856934;188.44354701042175;138.89642095565796;189.48968696594238;187.77633905410767;157.59485006332397;182.3090431690216;131.73829913139343;190.2482099533081;189.24438786506653;157.0661301612854;188.50446105003357;182.47686314582825;144.31486105918884;144.56026887893677;112.69019794464111;137.04879689216614;189.8053150177002;187.72968196868896;188.42145895957947;187.91973209381104
Custo_Orcamentario;instancias/entradas_reais/H501225.in;1;2924.0;2966.0;2938.0;3000.0;2996.0;2971.0;3008.0;3008.0;2978.0;2939.0;2997.0;2995.0;3000.0;2973.0;2974.0;3007.0;2992.0;3002.0;2976.0;2947.0;2966.0;2963.0;3003.0;3009.0;3008.0;2985.0;2993.0;2849.0;2998.0;2996.0
Iteraca_Saida;instancias/entradas_reais/H501225.in;1;;26;;;27;27;27;19;;24;;22;;;25;29;21;;;25;;29;23;23;18;22;30;;;30
Atraso;instancias/entradas_reais/H501225.in;2;82.0;88.0;91.0;88.0;91.0;88.0;88.0;91.0;88.0;91.0;85.0;88.0;85.0;88.0;88.0;88.0;82.0;91.0;85.0;88.0;91.0;82.0;82.0;88.0;88.0;85.0;91.0;82.0;88.0;88.0
Intervalo;instancias/entradas_reais/H501225.in;2;77.2011239528656;122.33890318870544;114.84755611419678;121.94138097763062;108.5050699710846;101.95956897735596;113.8560299873352;116.6693799495697;88.96413493156433;90.40081906318665;77.35928916931152;101.9811909198761;94.9513988494873;108.10092806816101;77.80798006057739;101.33667707443237;76.30764293670654;116.36797595024109;120.79896807670593;75.91240692138672;95.60997319221497;95.71286106109619;76.47144389152527;109.26244306564331;114.24605894088745;101.57782006263733;115.237783908844;82.61203598976135;95.67684483528137;70.47390389442444
Custo_Orcamentario;instancias/entradas_reais/H501225.in;2;4549.0;4501.0;4310.0;4560.0;4560.0;4432.0;4532.0;4364.0;4609.0;4286.0;4431.0;4674.0;4522.0;4638.0;4360.0;4565.0;4653.0;4180.0;4646.0;4644.0;4321.0;4629.0;4562.0;4707.0;4507.0;4538.0;4249.0;4739.0;4760.0;4450.0
Iteraca_Saida;instancias/entradas_reais/H501225.in;2;12;19;18;19;17;16;18;18;14;14;12;16;15;17;12;16;12;18;19;12;15;15;12;17;18;16;18;13;15;11
Atraso;instancias/entradas_reais/D1038.in;0;72.0;72.0;72.0;72.0;72.0;72.0;72.0;72.0;72.0;72.0;72.0;72.0;72.0;72.0;72.0;72.0;72.0;72.0;72.0;72.0;72.0;72.0;72.0;72.0;72.0;72.0;72.0;72.0;72.0;72.0
Intervalo;instancias/entradas_reais/D1038.in;0;1.3817880153656006;1.3706021308898926;1.385909080505371;1.3703548908233643;1.3880829811096191;1.3714399337768555;1.379518985748291;1.393949031829834;1.3650181293487549;1.3843109607696533;1.3759279251098633;1.3957490921020508;1.3848090171813965;1.3941330909729004;1.3939859867095947;1.3697969913482666;1.3877308368682861;1.3939199447631836;1.375458002090454;1.3658840656280518;1.3582890033721924;1.3648850917816162;1.374497890472412;1.3880441188812256;1.3582580089569092;1.3340978622436523;1.374981164932251;1.369009017944336;1.383159875869751;1.3797941207885742
Custo_Orcamentario;instancias/entradas_reais/D1038.in;0;12.0;12.0;12.0;12.0;12.0;12.0;12.0;12.0;12.0;12.0;12.0;12.0;12.0;12.0;12.0;12.0;12.0;12.0;12.0;12.0;12.0;12.0;12.0;12.0;12.0;12.0;12.0;12.0;12.0;12.0
Iteraca_Saida;instancias/entradas_reais/D1038.in;0;;;;;;;;;;;;;;;;;;;;;;;;;;;;;;
Atraso;instancias/entradas_reais/D1038.in;1;30.0;26.0;31.0;26.0;33.0;26.0;26.0;30.0;26.0;26.0;26.0;26.0;30.0;30.0;30.0;26.0;26.0;26.0;26.0;30.0;31.0;26.0;32.0;30.0;29.0;30.0;29.0;26.0;30.0;30.0
Intervalo;instancias/entradas_reais/D1038.in;1;1.274183988571167;0.4722321033477783;1.2963941097259521;0.7099990844726562;1.2987079620361328;1.2662019729614258;1.2710399627685547;1.2798559665679932;1.2450778484344482;1.2901170253753662;0.5769469738006592;1.2771351337432861;2.03072190284729;1.2660820484161377;1.2933299541473389;1.2639689445495605;0.6038799285888672;1.2693121433258057;1.2549500465393066;0.4953169822692871;1.974142074584961;0.6793251037597656;1.2754559516906738;1.2816250324249268;1.244231939315796;0.4571981430053711;0.6772031784057617;1.2457959651947021;1.2553210258483887;1.2724759578704834
Custo_Orcamentario;instancias/entradas_reais/D1038.in;1;79.0;82.0;73.0;82.0;77.0;82.0;82.0;78.0;82.0;82.0;82.0;82.0;78.0;79.0;78.0;82.0;82.0;82.0;82.0;78.0;84.0;82.0;79.0;79.0;83.0;78.0;83.0;82.0;78.0;79.0
Iteraca_Saida;instancias/entradas_reais/D1038.in;1;;11;;17;;;;;;;14;;;;;;14;;;12;;16;;;;11;16;;;
Atraso;instancias/entradas_reais/D1038.in;2;19.0;19.0;21.0;20.0;19.0;19.0;21.0;19.0;17.0;20.0;21.0;19.0;21.0;21.0;20.0;21.0;20.0;20.0;19.0;21.0;21.0;19.0;20.0;19.0;19.0;19.0;19.0;19.0;20.0;21.0
Intervalo;instancias/entradas_reais/D1038.in;2;0.8282608985900879;0.750208854675293;1.2695419788360596;0.44073915481567383;1.142590045928955;0.46466779708862305;0.8099329471588135;1.1014089584350586;0.4787931442260742;0.6736118793487549;0.4868659973144531;0.9264011383056641;0.6140639781951904;1.0478498935699463;0.49831700325012207;0.6477069854736328;0.8075230121612549;1.1590049266815186;0.5716209411621094;0.44580984115600586;0.49404215812683105;1.0791571140289307;0.7113358974456787;0.7469520568847656;0.6909639835357666;1.4072201251983643;0.6675848960876465;0.9344041347503662;0.6630988121032715;0.7127039432525635
Custo_Orcamentario;instancias/entradas_reais/D1038.in;2;140.0;131.0;122.0;135.0;135.0;138.0;118.0;131.0;151.0;143.0;139.0;142.0;122.0;122.0;136.0;118.0;138.0;144.0;142.0;122.0;130.0;140.0;144.0;131.0;140.0;131.0;142.0;135.0;136.0;122.0
Iteraca_Saida;instancias/entradas_reais/D1038.in;2;20;18;;11;27;11;20;11;12;16;12;22;15;25;12;16;19;12;14;11;12;26;17;18;17;19;16;23;16;17
Atraso;instancias/entradas_reais/H1004950.in;0;345.0;351.0;351.0;348.0;357.0;351.0;348.0;351.0;351.0;351.0;351.0;351.0;354.0;351.0;354.0;354.0;354.0;348.0;351.0;354.0;348.0;351.0;351.0;354.0;354.0;360.0;354.0;351.0;351.0;357.0
Intervalo;instancias/entradas_reais/H1004950.in;0;156.43109393119812;156.20260405540466;156.13926100730896;155.87718892097473;60.863019943237305;156.3955659866333;155.43949604034424;156.30927300453186;155.52447986602783;156.6657109260559;155.56718111038208;155.06710505485535;154.36315393447876;155.59007000923157;155.83948802947998;154.81181001663208;155.18814301490784;156.77696204185486;155.19372010231018;155.4997570514679;155.05641508102417;155.32072591781616;155.3781168460846;155.30663299560547;154.0154230594635;65.09308695793152;155.10337710380554;155.28737020492554;155.58341717720032;65.79648089408875
Custo_Orcamentario;instancias/entradas_reais/H1004950.in;0;1220.0;1217.0;1232.0;1192.0;1225.0;1222.0;1215.0;1228.0;1214.0;1228.0;1209.0;1217.0;1194.0;1223.0;1168.0;1212.0;1210.0;1216.0;1231.0;1219.0;1228.0;1231.0;1207.0;1197.0;1189.0;1187.0;1230.0;1224.0;1221.0;1232.0
Iteraca_Saida;instancias/entradas_reais/H1004950.in;0;;;;;12;;;;;;;;;;;;;;;;;;;;;13;;;;13
Atraso;instancias/entradas_reais/H1004950.in;1;237.0;231.0;234.0;237.0;237.0;240.0;234.0;237.0;240.0;234.0;237.0;237.0;240.0;237.0;231.0;237.0;237.0;234.0;237.0;237.0;237.0;231.0;240.0;234.0;240.0;237.0;231.0;237.0;231.0;237.0
Intervalo;instancias/entradas_reais/H1004950.in;1;179.4129090309143;99.83661603927612;138.8292829990387;122.9184718132019;86.74832797050476;156.23948407173157;134.62711000442505;182.13260793685913;184.06890487670898;150.7667100429535;154.08323907852173;80.05826306343079;184.34041094779968;91.87097811698914;156.86510300636292;85.71645998954773;149.5333240032196;118.41690397262573;85.13463616371155;108.65295886993408;167.60087394714355;131.16395902633667;155.60460019111633;69.17665004730225;184.1403980255127;73.30386185646057;143.72653102874756;141.049968957901;154.81498908996582;118.1738018989563
Custo_Orcamentario;instancias/entradas_reais/H1004950.in;1;6125.0;6155.0;6157.0;6108.0;6156.0;6027.0;6123.0;6159.0;5970.0;6087.0;6015.0;6144.0;6038.0;6144.0;6155.0;6156.0;6107.0;6153.0;6146.0;6078.0;6104.0;6146.0;6005.0;6148.0;6070.0;6158.0;6121.0;6137.0;6145.0;6150.0
Iteraca_Saida;instancias/entradas_reais/H1004950.in;1;29;16;22;20;14;25;22;29;;24;25;13;;15;25;14;24;19;14;18;27;21;25;11;;12;23;23;25;19
Atraso;instancias/entradas_reais/H1004950.in;2;189.0;183.0;192.0;189.0;189.0;186.0;186.0;186.0;195.0;195.0;195.0;195.0;189.0;189.0;192.0;186.0;198.0;189.0;192.0;198.0;192.0;189.0;195.0;183.0;192.0;192.0;195.0;183.0;186.0;186.0
Intervalo;instancias/entradas_reais/H1004950.in;2;95.66401791572571;114.63478302955627;103.54565405845642;87.36011910438538;96.23753309249878;71.19502305984497;82.3148148059845;100.48473286628723;86.90466499328613;103.39499497413635;106.39815902709961;88.59066390991211;82.99073219299316;112.87148809432983;70.92849802970886;86.36748695373535;97.71823906898499;109.04897904396057;82.2567708492279;111.39479994773865;102.32181096076965;108.03562688827515;109.30270314216614;71.62874913215637;68.89135789871216;117.85448288917542;115.63428997993469;82.41608905792236;100.99725294113159;77.50560903549194
Custo_Orcamentario;instancias/entradas_reais/H1004950.in;2;8388.0;8872.0;8621.0;8915.0;8485.0;8842.0;8796.0;8687.0;8171.0;8509.0;8297.0;8753.0;8643.0;8399.0;8450.0;8975.0;8064.0;8463.0;8364.0;8032.0;8648.0;8568.0;8502.0;9154.0;8569.0;8511.0;8180.0;8743.0;8976.0;8863.0
Iteraca_Saida;instancias/entradas_reais/H1004950.in;2;15;18;16;14;15;11;13;16;14;16;17;14;13;18;11;14;15;17;13;18;16;17;17;11;11;19;18;13;16;12
Atraso;instancias/entradas_reais/D100611.in;0;510.0;500.0;507.0;519.0;495.0;497.0;522.0;492.0;519.0;528.0;521.0;514.0;483.0;495.0;548.0;484.0;573.0;458.0;495.0;515.0;599.0;528.0;517.0;482.0;498.0;480.0;467.0;494.0;537.0;481.0
Intervalo;instancias/entradas_reais/D100611.in;0;26.397042989730835;26.50323987007141;26.804871082305908;26.407477140426636;25.200037002563477;25.617440938949585;26.50385308265686;26.969672918319702;26.454771995544434;26.782655954360962;26.7448308467865;26.883922815322876;26.55491614341736;26.737630128860474;26.728394985198975;25.658277988433838;26.999486923217773;26.95503306388855;26.626628875732422;26.450175046920776;9.817718982696533;26.274900913238525;26.455171823501587;26.683516025543213;26.050745964050293;24.962527990341187;26.45938491821289;26.256409883499146;17.469502925872803;26.238614082336426
Custo_Orcamentario;instancias/entradas_reais/D100611.in;0;1701.0;1757.0;1748.0;1765.0;1774.0;1684.0;1719.0;1773.0;1758.0;1732.0;1768.0;1776.0;1713.0;1729.0;1756.0;1768.0;1774.0;1720.0;1761.0;1736.0;1771.0;1736.0;1760.0;1756.0;1772.0;1748.0;1747.0;1768.0;1764.0;1744.0
Iteraca_Saida;instancias/entradas_reais/D100611.in;0;;;;;28;;;;;;;;;;;;;;;;11;;;;;;;;20;
Atraso;instancias/entradas_reais/D100611.in;1;345.0;343.0;318.0;335.0;321.0;335.0;325.0;345.0;340.0;330.0;316.0;347.0;365.0;339.0;352.0;338.0;347.0;339.0;332.0;366.0;341.0;335.0;343.0;338.0;343.0;354.0;342.0;346.0;333.0;343.0
Intervalo;instancias/entradas_reais/D100611.in;1;17.428251028060913;18.310067176818848;28.441006183624268;26.905899047851562;27.46031093597412;23.238170862197876;23.4734890460968;28.284912109375;21.786860942840576;27.43081307411194;23.588212966918945;10.952687978744507;11.817806005477905;12.40084195137024;9.490324974060059;16.50979995727539;24.265699863433838;17.68239188194275;27.644153833389282;26.655195951461792;26.81301999092102;27.733481884002686;27.075289011001587;27.20999002456665;26.461844205856323;10.102516174316406;23.927376985549927;10.77987003326416;23.473557949066162;17.51283597946167
Custo_Orcamentario;instancias/entradas_reais/D100611.in;1;8887.0;8864.0;8594.0;8472.0;8393.0;8277.0;8605.0;8508.0;8871.0;8840.0;8741.0;8863.0;8860.0;8878.0;8868.0;8849.0;8728.0;8885.0;8326.0;8276.0;8412.0;8532.0;8693.0;8572.0;8819.0;8882.0;8799.0;8864.0;8839.0;8865.0
Iteraca_Saida;instancias/entradas_reais/D100611.in;1;20;20;;;;25;27;;25;;27;12;13;14;11;18;26;20;30;;;30;30;;;11;26;13;27;19
Atraso;instancias/entradas_reais/D100611.in;2;298.0;293.0;291.0;291.0;297.0;306.0;290.0;304.0;307.0;300.0;302.0;294.0;303.0;299.0;305.0;319.0;286.0;295.0;303.0;304.0;295.0;299.0;301.0;284.0;302.0;296.0;308.0;294.0;311.0;309.0
Intervalo;instancias/entradas_reais/D100611.in;2;12.207913875579834;17.81560516357422;13.326143026351929;15.777195930480957;9.556894063949585;25.894917964935303;19.673213005065918;14.193344116210938;11.829855918884277;14.695152044296265;15.044417142868042;11.109153032302856;22.229510068893433;11.0087411403656;10.614116907119751;15.048433065414429;11.554610013961792;20.390859127044678;11.027688026428223;10.21625804901123;13.646014928817749;16.096433877944946;10.557650089263916;15.286739826202393;11.057009935379028;10.936683177947998;21.087525129318237;14.795406818389893;12.826174974441528;18.6198890209198
Custo_Orcamentario;instancias/entradas_reais/D100611.in;2;10982.0;11175.0;11429.0;12045.0;11864.0;10841.0;13340.0;12512.0;11756.0;10609.0;12318.0;12389.0;9991.0;11990.0;13164.0;12467.0;11768.0;12185.0;10563.0;10099.0;11990.0;11407.0;10875.0;12867.0;12209.0;11920.0;10967.0;11505.0;12028.0;12339.0
Iteraca_Saida;instancias/entradas_reais/D100611.in;2;13;19;14;18;11;28;22;16;13;16;17;12;25;13;11;17;12;22;13;11;15;18;11;17;12;13;23;17;14;20
Atraso;instancias/entradas_reais/v10_43.in;0;112.49000000000001;112.49000000000001;112.49000000000001;112.49000000000001;112.49000000000001;112.49000000000001;112.49000000000001;112.49000000000001;112.49000000000001;112.49000000000001;112.49000000000001;112.49000000000001;112.49000000000001;112.49000000000001;112.49000000000001;112.49000000000001;112.49000000000001;112.49000000000001;112.49000000000001;112.49000000000001;112.49000000000001;112.49000000000001;112.49000000000001;112.49000000000001;112.49000000000001;112.49000000000001;112.49000000000001;112.49000000000001;112.49000000000001;112.49000000000001
Intervalo;instancias/entradas_reais/v10_43.in;0;1.442821979522705;1.444227933883667;1.4422950744628906;1.4366631507873535;1.4506940841674805;1.4419879913330078;2.3377909660339355;1.4570019245147705;1.432084083557129;1.450448989868164;1.440929889678955;1.463001012802124;1.4544439315795898;1.458287000656128;1.456799030303955;1.4417450428009033;1.4612069129943848;1.4592101573944092;1.4425220489501953;2.3219799995422363;1.4381990432739258;1.4331681728363037;1.4436850547790527;1.451019048690796;1.4293689727783203;1.4028379917144775;1.4438199996948242;1.437147855758667;1.4572770595550537;2.3446850776672363
Custo_Orcamentario;instancias/entradas_reais/v10_43.in;0;12.2;12.2;12.2;12.2;12.2;12.2;12.2;12.2;12.2;12.2;12.2;12.2;12.2;12.2;12.2;12.2;12.2;12.2;12.2;12.2;12.2;12.2;12.2;12.2;12.2;12.2;12.2;12.2;12.2;12.2
Iteraca_Saida;instancias/entradas_reais/v10_43.in;0;;;;;;;;;;;;;;;;;;;;;;;;;;;;;;
Atraso;instancias/entradas_reais/v10_43.in;1;94.43;94.43;94.47;94.43;94.43;95.05000000000001;94.82000000000001;94.82000000000001;94.43;95.17;95.17;94.43;94.43;94.82000000000001;95.17;95.78000000000002;95.05000000000001;94.47;95.05000000000001;94.43;94.43;94.82000000000001;94.43;95.05000000000001;94.43;94.82000000000001;94.82000000000001;95.17;94.43;94.47
Intervalo;instancias/entradas_reais/v10_43.in;1;1.2030088901519775;0.5870580673217773;0.5914819240570068;0.7922079563140869;0.6140038967132568;0.7102649211883545;0.7295379638671875;0.6475191116333008;0.9170501232147217;0.9048640727996826;1.3419768810272217;1.3476378917694092;0.8224999904632568;0.5651111602783203;1.3631269931793213;1.3294239044189453;0.49411582946777344;1.3417489528656006;0.6140079498291016;1.3132350444793701;1.3286259174346924;0.6649160385131836;1.3455829620361328;1.354233980178833;0.9141941070556641;0.4835209846496582;0.5775649547576904;0.4720449447631836;1.0542969703674316;0.8909540176391602
Custo_Orcamentario;instancias/entradas_reais/v10_43.in;1;98.16000000000001;98.16000000000001;100.88999999999999;98.16;98.16;97.0;107.33000000000001;107.33000000000001;98.16;97.64000000000001;97.63999999999999;98.16;98.16;107.33000000000001;97.63999999999999;100.55000000000001;97.0;100.89;97.0;98.16;98.16;107.33;98.16;97.0;98.16;107.32999999999998;107.33000000000001;97.64;98.16;100.88999999999999
Iteraca_Saida;instancias/entradas_reais/v10_43.in;1;27;13;13;18;14;16;17;15;21;20;;;19;13;;;11;;14;;;15;;;21;11;13;11;24;20
Atraso;instancias/entradas_reais/v10_43.in;2;93.25999999999999;92.84;93.17;93.19999999999999;93.17;92.81;92.78999999999999;93.17;93.35;92.84;92.85;92.81;92.84;93.35;93.25999999999999;93.61000000000001;92.81;93.55000000000001;93.20000000000002;93.18;92.78999999999999;92.85;93.58000000000001;92.81;92.88;93.21000000000001;93.15000000000002;92.82000000000002;93.25999999999999;92.84
Intervalo;instancias/entradas_reais/v10_43.in;2;0.6583800315856934;0.6249620914459229;0.6698911190032959;0.4688889980316162;0.74717116355896;0.6555089950561523;1.6230390071868896;0.6440649032592773;0.5964429378509521;0.7542908191680908;0.4751570224761963;1.1429929733276367;0.77097487449646;0.9579498767852783;0.7985470294952393;1.6558871269226074;0.671238899230957;0.7595419883728027;0.6950509548187256;0.4690258502960205;0.521536111831665;0.8247900009155273;0.5731050968170166;0.4889259338378906;0.8605902194976807;0.5223109722137451;0.4816889762878418;0.8896608352661133;1.0074357986450195;1.9663560390472412
Custo_Orcamentario;instancias/entradas_reais/v10_43.in;2;188.06;170.91000000000003;180.08;165.3;180.08;179.96;193.98000000000002;180.07999999999998;171.16000000000003;170.91000000000003;182.69;179.95999999999998;170.91;171.16000000000003;150.35999999999999;132.97;179.95999999999998;156.8;161.64999999999998;179.32;193.98;182.69000000000003;147.75;179.96;173.64000000000001;182.81;194.1;184.93;150.35999999999999;170.91
Iteraca_Saida;instancias/entradas_reais/v10_43.in;2;15;14;15;11;17;15;17;15;14;17;11;26;18;22;18;17;15;17;16;11;12;19;13;11;20;12;11;21;23;24
Atraso;instancias/entradas_reais/r10.in;0;79.0;79.0;79.0;79.0;79.0;79.0;79.0;79.0;79.0;79.0;79.0;79.0;79.0;79.0;79.0;79.0;79.0;79.0;79.0;79.0;79.0;79.0;79.0;79.0;79.0;79.0;79.0;79.0;79.0;79.0
Intervalo;instancias/entradas_reais/r10.in;0;1.3218650817871094;1.3251099586486816;1.3257291316986084;1.3137621879577637;1.3420741558074951;1.3179059028625488;1.3308439254760742;1.3335959911346436;1.3088531494140625;1.3224818706512451;1.3239471912384033;1.3366398811340332;1.3283119201660156;1.3349659442901611;1.3415260314941406;1.3155128955841064;1.3407330513000488;1.342134952545166;1.3157711029052734;1.3078029155731201;1.3090898990631104;1.3174800872802734;1.3294131755828857;1.3400089740753174;1.3062188625335693;1.287644863128662;1.3266019821166992;1.3154780864715576;1.3366758823394775;1.3259940147399902
Custo_Orcamentario;instancias/entradas_reais/r10.in;0;6.0;6.0;6.0;6.0;6.0;6.0;6.0;6.0;6.0;6.0;6.0;6.0;6.0;6.0;6.0;6.0;6.0;6.0;6.0;6.0;6.0;6.0;6.0;6.0;6.0;6.0;6.0;6.0;6.0;6.0
Iteraca_Saida;instancias/entradas_reais/r10.in;0;;;;;;;;;;;;;;;;;;;;;;;;;;;;;;
Atraso;instancias/entradas_reais/r10.in;1;48.0;48.0;50.0;48.0;50.0;48.0;48.0;48.0;48.0;48.0;48.0;48.0;48.0;48.0;48.0;48.0;48.0;50.0;48.0;48.0;48.0;48.0;48.0;48.0;48.0;48.0;48.0;48.0;48.0;48.0
Intervalo;instancias/entradas_reais/r10.in;1;1.2039589881896973;0.6467630863189697;1.2382869720458984;1.2053229808807373;1.2314279079437256;1.20774507522583;2.1653711795806885;1.227489948272705;1.1960840225219727;1.2344539165496826;0.7177999019622803;1.2252581119537354;1.2001190185546875;1.2147080898284912;1.2344229221343994;1.2043771743774414;1.4920110702514648;1.2104780673980713;0.4766700267791748;1.1928210258483887;1.2066259384155273;1.2148990631103516;1.2223598957061768;1.2095768451690674;1.1902990341186523;1.2028708457946777;1.2085771560668945;1.1837751865386963;1.1951930522918701;2.186548948287964
Custo_Orcamentario;instancias/entradas_reais/r10.in;1;38.0;38.0;36.0;38.0;38.0;38.0;38.0;38.0;38.0;38.0;38.0;38.0;38.0;38.0;38.0;38.0;38.0;36.0;38.0;38.0;38.0;38.0;38.0;38.0;38.0;38.0;38.0;38.0;38.0;38.0
Iteraca_Saida;instancias/entradas_reais/r10.in;1;;16;;;;;;;;;18;;;;;;13;;12;;;;;;;;;;;
Atraso;instancias/entradas_reais/r10.in;2;42.0;42.0;42.0;42.0;42.0;42.0;42.0;42.0;42.0;42.0;40.0;42.0;42.0;42.0;42.0;42.0;42.0;42.0;42.0;44.0;42.0;42.0;42.0;42.0;44.0;42.0;42.0;42.0;42.0;42.0
Intervalo;instancias/entradas_reais/r10.in;2;0.4423370361328125;0.6792290210723877;0.7326381206512451;0.6332700252532959;0.43401312828063965;0.8734879493713379;0.9759719371795654;0.41773200035095215;0.7330610752105713;0.7195999622344971;0.7511742115020752;0.7425949573516846;0.6572189331054688;1.1491141319274902;0.8489689826965332;0.8610129356384277;1.172806978225708;0.8432259559631348;0.552584171295166;1.018953800201416;0.7921440601348877;1.185595989227295;0.7553791999816895;0.8816928863525391;0.7352390289306641;0.8537530899047852;1.0038130283355713;0.8528769016265869;0.7533960342407227;0.9469618797302246
Custo_Orcamentario;instancias/entradas_reais/r10.in;2;62.0;64.0;60.0;64.0;64.0;66.0;60.0;68.0;64.0;64.0;70.0;64.0;66.0;62.0;66.0;64.0;66.0;60.0;62.0;54.0;64.0;64.0;60.0;64.0;54.0;64.0;64.0;60.0;68.0;68.0
Iteraca_Saida;instancias/entradas_reais/r10.in;2;11;17;18;16;11;22;25;11;19;18;19;19;17;29;21;22;29;21;14;26;20;;19;22;19;22;25;22;19;24
Atraso;instancias/entradas_reais/D50327.in;0;223.0;221.0;220.0;226.0;229.0;222.0;227.0;226.0;222.0;228.0;221.0;226.0;221.0;224.0;225.0;227.0;222.0;220.0;222.0;226.0;221.0;229.0;229.0;223.0;228.0;224.0;228.0;243.0;233.0;227.0
Intervalo;instancias/entradas_reais/D50327.in;0;60.30910086631775;60.258830070495605;60.111380100250244;60.15040421485901;59.852848052978516;58.938925981521606;59.90194082260132;60.568747997283936;59.060439109802246;60.523473024368286;59.95871114730835;59.98268413543701;60.019174098968506;59.49036908149719;59.98216485977173;58.739611864089966;60.27505803108215;60.47352194786072;60.36192607879639;58.620243072509766;59.825904846191406;59.55638599395752;58.22806906700134;60.70311212539673;58.32308292388916;59.20793795585632;59.886614084243774;22.040661096572876;58.48553490638733;59.61261796951294
Custo_Orcamentario;instancias/entradas_reais/D50327.in;0;349.0;357.0;354.0;358.0;353.0;355.0;361.0;361.0;352.0;357.0;361.0;361.0;351.0;359.0;356.0;354.0;360.0;359.0;358.0;360.0;360.0;355.0;352.0;357.0;361.0;358.0;359.0;361.0;352.0;357.0
Iteraca_Saida;instancias/entradas_reais/D50327.in;0;;;;;;;;;;;;;;;;;;;;;;;;;;;;11;;
Atraso;instancias/entradas_reais/D50327.in;1;141.0;129.0;129.0;135.0;136.0;131.0;145.0;134.0;139.0;138.0;134.0;135.0;137.0;142.0;142.0;141.0;135.0;132.0;135.0;141.0;130.0;135.0;138.0;135.0;135.0;134.0;137.0;137.0;131.0;133.0
Intervalo;instancias/entradas_reais/D50327.in;1;54.358088970184326;52.34408187866211;49.47376203536987;46.3651909828186;53.685489892959595;49.43041014671326;59.70287299156189;49.91383981704712;49.41888213157654;49.75572896003723;60.096123933792114;59.961689949035645;41.49110293388367;59.549267053604126;40.245235204696655;58.34819793701172;58.83262395858765;60.459028005599976;36.98819899559021;59.72522592544556;59.78255891799927;33.483778953552246;41.33710789680481;59.918402910232544;59.47799205780029;59.57544302940369;43.5591459274292;41.37446594238281;59.62052798271179;47.54045391082764
Custo_Orcamentario;instancias/entradas_reais/D50327.in;1;1721.0;1784.0;1785.0;1730.0;1771.0;1763.0;1796.0;1805.0;1766.0;1785.0;1750.0;1642.0;1788.0;1771.0;1804.0;1707.0;1714.0;1795.0;1778.0;1653.0;1713.0;1795.0;1785.0;1697.0;1789.0;1797.0;1801.0;1686.0;1734.0;1771.0
Iteraca_Saida;instancias/entradas_reais/D50327.in;1;27;26;25;23;27;25;;25;25;25;;;21;;20;29;;;19;;;17;21;;;;22;21;;24
Atraso;instancias/entradas_reais/D50327.in;2;121.0;119.0;116.0;122.0;119.0;119.0;130.0;125.0;109.0;126.0;121.0;125.0;132.0;120.0;118.0;116.0;127.0;124.0;127.0;122.0;125.0;123.0;126.0;124.0;126.0;119.0;124.0;119.0;129.0;116.0
Intervalo;instancias/entradas_reais/D50327.in;2;40.69538187980652;32.5514600276947;49.88507795333862;42.18966007232666;26.184648990631104;26.37131905555725;38.695000886917114;33.108689069747925;23.38185691833496;32.901089906692505;34.33960509300232;40.360432147979736;24.544132947921753;32.70446181297302;42.4052791595459;40.08518195152283;32.249326944351196;21.98759412765503;37.26169300079346;27.648241996765137;24.43839192390442;27.636932849884033;49.5346519947052;37.37387800216675;35.52744698524475;33.86196517944336;23.747432947158813;27.715551137924194;35.51591396331787;24.567404985427856
Custo_Orcamentario;instancias/entradas_reais/D50327.in;2;2589.0;2599.0;2465.0;2650.0;2609.0;2613.0;2513.0;2576.0;2667.0;2732.0;2782.0;2410.0;2571.0;2753.0;2205.0;2794.0;2547.0;2409.0;2489.0;2347.0;2911.0;2597.0;2081.0;2784.0;2784.0;2887.0;2668.0;2750.0;2531.0;2567.0
Iteraca_Saida;instancias/entradas_reais/D50327.in;2;20;16;25;21;13;13;20;16;12;16;17;20;12;17;21;20;16;11;19;14;12;14;25;19;18;17;12;14;18;12
Atraso;instancias/entradas_reais/r50.in;0;2011.0;2013.0;2028.0;2023.0;2015.0;2029.0;2006.0;2013.0;2025.0;2023.0;2030.0;2123.0;2019.0;1993.0;2030.0;2022.0;2197.0;2154.0;1999.0;2025.0;2026.0;2021.0;2023.0;2018.0;2022.0;2025.0;2152.0;2025.0;2028.0;2165.0
Intervalo;instancias/entradas_reais/r50.in;0;44.311129093170166;44.28567314147949;45.4008629322052;44.25369191169739;43.7785279750824;44.961169958114624;44.118250131607056;44.314749002456665;44.01989221572876;44.27076196670532;44.03333282470703;20.16965413093567;44.04347205162048;43.75798988342285;44.237765073776245;43.86446499824524;16.328998804092407;18.98861598968506;44.15933799743652;43.758569955825806;43.67964291572571;44.63028287887573;43.61541819572449;43.767640113830566;43.5980339050293;44.68941807746887;15.159695863723755;44.84709906578064;43.58852005004883;16.158342838287354
Custo_Orcamentario;instancias/entradas_reais/r50.in;0;31.0;31.0;31.0;31.0;31.0;30.0;31.0;31.0;31.0;31.0;31.0;31.0;31.0;31.0;31.0;31.0;31.0;31.0;31.0;31.0;31.0;31.0;31.0;31.0;31.0;30.0;31.0;31.0;31.0;31.0
Iteraca_Saida;instancias/entradas_reais/r50.in;0;;;;;;;;;;;;13;;;;;11;12;;;;;;;;;11;;;11
Atraso;instancias/entradas_reais/r50.in;1;1357.0;1346.0;1377.0;1284.0;1433.0;1351.0;1308.0;1423.0;1338.0;1323.0;1357.0;1323.0;1318.0;1363.0;1331.0;1316.0;1294.0;1385.0;1381.0;1307.0;1326.0;1351.0;1328.0;1334.0;1336.0;1327.0;1320.0;1367.0;1319.0;1305.0
Intervalo;instancias/entradas_reais/r50.in;1;43.778568983078;42.37516403198242;16.15023899078369;42.3836510181427;15.916014909744263;41.99840807914734;41.74709701538086;16.32352614402771;42.13060903549194;42.62485599517822;37.07904100418091;42.107699155807495;39.442513942718506;33.11379909515381;42.256834983825684;41.979077100753784;42.08950400352478;27.33116888999939;28.212146997451782;41.81247401237488;41.79941511154175;43.00873899459839;34.34981608390808;42.01871585845947;42.825413942337036;32.90951108932495;37.34946894645691;34.32818603515625;42.897454023361206;34.38697600364685
Custo_Orcamentario;instancias/entradas_reais/r50.in;1;153.0;155.0;152.0;154.0;155.0;149.0;149.0;153.0;155.0;155.0;155.0;152.0;152.0;154.0;155.0;148.0;155.0;154.0;155.0;152.0;155.0;152.0;155.0;155.0;154.0;154.0;153.0;155.0;152.0;152.0
Iteraca_Saida;instancias/entradas_reais/r50.in;1;;;11;;11;;;11;;;26;;28;24;29;30;;19;20;;30;30;25;;;24;26;25;;25
Atraso;instancias/entradas_reais/r50.in;2;1236.0;1238.0;1224.0;1235.0;1174.0;1191.0;1188.0;1212.0;1201.0;1182.0;1231.0;1198.0;1141.0;1212.0;1214.0;1208.0;1218.0;1191.0;1182.0;1187.0;1209.0;1191.0;1208.0;1212.0;1144.0;1208.0;1199.0;1210.0;1204.0;1206.0
Intervalo;instancias/entradas_reais/r50.in;2;27.614580154418945;25.017207145690918;27.267942905426025;27.405357122421265;19.704670906066895;27.192364931106567;15.91050410270691;18.957815885543823;22.034446001052856;32.51252818107605;23.710231065750122;17.395477056503296;14.77232313156128;25.831183910369873;33.72711801528931;30.824342012405396;29.625729084014893;31.29392981529236;25.73800301551819;15.764173030853271;19.63344097137451;17.043040990829468;17.342079162597656;19.704521894454956;29.3350670337677;20.742448091506958;26.338512897491455;23.356486082077026;20.85741114616394;30.713465929031372
Custo_Orcamentario;instancias/entradas_reais/r50.in;2;238.0;215.0;228.0;223.0;241.0;245.0;241.0;242.0;228.0;217.0;217.0;235.0;243.0;227.0;224.0;222.0;248.0;223.0;219.0;230.0;230.0;227.0;240.0;221.0;264.0;199.0;214.0;223.0;223.0;230.0
Iteraca_Saida;instancias/entradas_reais/r50.in;2;19;18;19;20;14;19;12;13;16;23;17;12;11;18;24;22;21;22;19;11;14;12;13;14;21;15;18;17;15;22
Atraso;instancias/entradas_reais/r100.in;0;3779.0;4126.0;3601.0;3755.0;3648.0;3824.0;3691.0;4132.0;4105.0;3632.0;3649.0;3650.0;4050.0;3805.0;3621.0;3983.0;3782.0;4012.0;4145.0;3805.0;3704.0;3761.0;3563.0;4051.0;3690.0;3587.0;3793.0;3653.0;4072.0;3624.0
Intervalo;instancias/entradas_reais/r100.in;0;21.34267497062683;9.484050989151001;21.62033987045288;21.296348094940186;21.610141038894653;21.37315082550049;21.528844118118286;6.934328079223633;9.876073122024536;21.516911029815674;21.48228907585144;21.787904024124146;8.890491008758545;21.776751041412354;21.76141095161438;9.384737014770508;21.76521897315979;9.74401593208313;8.115737915039062;20.061609983444214;21.154379844665527;19.931558847427368;21.44926404953003;8.207144021987915;21.00077986717224;20.81647300720215;19.96481204032898;21.15678906440735;9.49148416519165;21.310692071914673
Custo_Orcamentario;instancias/entradas_reais/r100.in;0;53.0;54.0;54.0;53.0;54.0;54.0;53.0;54.0;54.0;54.0;54.0;54.0;54.0;53.0;52.0;54.0;54.0;54.0;54.0;54.0;54.0;53.0;54.0;54.0;54.0;54.0;54.0;54.0;54.0;54.0
Iteraca_Saida;instancias/entradas_reais/r100.in;0;;13;;;;;;11;14;;;;14;;;13;;13;11;;;;;11;;;;;13;
Atraso;instancias/entradas_reais/r100.in;1;2357.0;2457.0;2461.0;2347.0;2275.0;2422.0;2409.0;2420.0;2376.0;2421.0;2447.0;2539.0;2495.0;2397.0;2328.0;2414.0;2379.0;2279.0;2446.0;2423.0;2444.0;2365.0;2441.0;2482.0;2432.0;2461.0;2441.0;2384.0;2383.0;2488.0
Intervalo;instancias/entradas_reais/r100.in;1;16.48842191696167;21.653017044067383;11.619333028793335;13.138549089431763;15.457719087600708;19.789230823516846;10.320067882537842;15.887728929519653;21.307095050811768;16.124598026275635;20.930434942245483;7.936385869979858;9.37532091140747;13.186362981796265;20.21181082725525;7.183548927307129;19.35703420639038;18.526098012924194;11.269240140914917;15.416411876678467;16.441926956176758;19.417394161224365;6.9271368980407715;8.303568840026855;17.865957975387573;9.793440103530884;12.73671293258667;20.382916927337646;19.31570291519165;9.034605026245117
Custo_Orcamentario;instancias/entradas_reais/r100.in;1;272.0;264.0;274.0;274.0;274.0;274.0;274.0;274.0;269.0;274.0;272.0;274.0;274.0;270.0;274.0;273.0;274.0;268.0;272.0;262.0;273.0;270.0;273.0;273.0;273.0;273.0;274.0;267.0;274.0;273.0
Iteraca_Saida;instancias/entradas_reais/r100.in;1;24;;16;19;22;29;15;23;;23;29;13;13;19;27;12;26;27;16;23;24;27;11;11;27;14;18;29;29;12
Atraso;instancias/entradas_reais/r100.in;2;2039.0;1990.0;2019.0;2045.0;2079.0;2074.0;2090.0;2078.0;2068.0;2074.0;1993.0;2047.0;2079.0;2076.0;2048.0;2108.0;2065.0;2104.0;1952.0;2003.0;2092.0;2029.0;2058.0;2012.0;2101.0;1950.0;2067.0;2012.0;2104.0;1961.0
Intervalo;instancias/entradas_reais/r100.in;2;12.000712871551514;9.112317085266113;15.024081945419312;8.558640956878662;10.218277931213379;15.439831972122192;13.657554864883423;10.52691102027893;13.181333065032959;8.35304880142212;11.911542892456055;8.083961963653564;9.494852781295776;11.29731822013855;12.947269916534424;9.184126138687134;13.112666845321655;10.457381963729858;11.392151832580566;6.68412709236145;6.920825004577637;10.179152011871338;10.906090021133423;7.728455066680908;8.02592396736145;9.227054834365845;8.881900072097778;12.308840990066528;11.991857051849365;14.004397869110107
Custo_Orcamentario;instancias/entradas_reais/r100.in;2;375.0;382.0;392.0;349.0;394.0;395.0;389.0;370.0;405.0;380.0;361.0;404.0;391.0;372.0;395.0;390.0;380.0;395.0;398.0;382.0;400.0;383.0;388.0;376.0;375.0;396.0;387.0;413.0;399.0;392.0
Iteraca_Saida;instancias/entradas_reais/r100.in;2;17;12;21;14;14;22;20;15;19;13;17;13;13;16;18;15;18;14;16;11;11;14;15;12;11;15;12;18;17;20
